87687168
515047426
2780430339
48103436
135692309
2777382934
2778103839
206274596
2777382958
140181557
137789499
165609540
143425610
136085584
2778726489
53051483
151552104
165347436
42958956
115343472
2777350258
26869875
126255220
123961466
44761211
201064575
521306242
167116941
50954386
2992111769
124584101
3018653863
139002025
147947694
2779840692
2982740150
43122875
168820927
25493698
76087492
48824518
2781020372
68649174
518914266
2909208804
2779611367
52723943
175079658
49545453
204243189
3018391801
19235068
6586637
2984771860
2776760603
74187038
52592926
167379230
75956513
2776269092
177897776
125370674
2983592243
33947955
32833848
2780365114
2779382077
2776727875
51413319
105152847
201359696
2779971919
135889238
137527640
137822555
90734943
3018457447
182321512
2776793449
2984870255
18547055
2991948145
118817141
2778562939
21922175
199360897
39387531
2776990098
2780463512
2777350553
2776465824
10551718
3019178406
3018260909
2775941552
107053488
2780299701
175309249
109347269
2909831623
3019833807
113508815
69075417
77660652
40010229
155386361
66322947
64848388
71762439
2779808267
541491724
29852176
2987491872
103645729
175604262
183206440
100368936
2779808312
2778202681
97944126
3018752578
202474056
119767625
2779251273
2781413975
164790872
76808792
2910913117
103613024
502989409
71139939
128582244
191267431
2993816172
107545201
130187892
106365562
2779677306
162005631
2988671617
191070858
3019408017
2777055891
7602840
171246234
34800285
50660011
33882796
3019375287
83854009
146342590
55214782
51675839
207520454
69567186
99844830
2780889827
171606756
100631289
81363708
153715457
64357122
205783811
2778333957
179733262
3018916638
86803240
168297262
101516089
2778137410
173736775
2987819851
2780595030
145097563
2985722716
18645856
2992833379
2776957806
2777842544
15336307
2993783671
2780791683
127107974
2985100168
12780434
169903001
2779939747
35292069
68387754
130745260
2781217719
130679736
40207289
2780070844
2775843773
2778596287
115901376
2777351106
1934278
2781316041
2911011789
2776007630
78873551
67666897
41878487
159319019
68387835
2778825724
175801342
167740415
2780431358
118916094
93225998
2779808786
110593043
171115542
27591710
58033187
2780922921
2780005421
2781185075
192939062
2778203192
45384764
2777056318
61047874
3018392663
16057445
33326189
2778137712
108037233
56951928
2779710594
199033989
71140485
2779251847
2778858636
512918668
14353550
188220564
2779382934
43091099
15107229
29983905
2776892586
2778530986
107021485
2777973936
87360688
2777810110
70452415
178029761
38601921
186844356
141231307
139265228
2988115150
191628500
2777220311
207029474
54953205
52069626
76743934
68060419
3018949896
93717769
2991981842
39453970
2776401178
2776892710
3018949938
77595967
2777646416
126322002
21333345
149128552
2780595565
115672447
13600138
2777777548
2776860057
2229670
503285160
2780333494
100533687
2985362895
105842133
2777941463
2779121111
126780896
34375142
117245426
2777482740
124978682
167151114
47187476
187008535
181536285
70026782
2776991288
2777548347
2777024059
121308736
2778334786
2778662471
106399304
8816202
155911762
142575187
61703769
109905503
2777286243
198477413
2778859120
23725684
2781218421
92341879
138708601
2780530298
13338236
177309310
130090626
48891531
168167062
155911833
2777810591
2779416230
78382760
2778728124
535889608
2776139478
29001434
183469790
9701087
26805982
6260449
182322920
2780530410
117671659
2778105581
102139631
522192633
2164484
118130439
15927051
2989491980
2781054738
2989426453
144901912
134121241
511149849
2780366628
185632549
2779547435
48105269
47056694
2776893239
134448949
122980154
58754882
74909509
40011592
155092808
2777843530
62555980
206505811
3019966295
115443555
2983069542
184026988
2779154291
2778826615
8652668
60229501
121964417
2777352073
58328972
2781382545
141330323
2778531742
2780366754
162269090
2779121571
2991720358
521078695
2984642479
35817400
2778302417
32802771
206145494
2781448156
45549533
198674408
122783720
75630572
2910226413
65603577
62064638
2776598537
2984118289
175605778
178718744
138020889
2776303644
2781448223
72648740
67405866
34736171
2295859
3020458036
2426938
189139006
187959359
36800599
3017738328
2781087836
2777909354
207685749
2776828027
170723468
2779220109
2778400913
34146451
2779678872
2776565914
68815016
547195049
19269812
47188148
2780858551
90278072
50661577
2778400979
2778564829
2986379492
123963621
2983266536
2778597612
2986805488
105908466
118491383
48007421
502991105
2777843972
2777516300
2777221391
47941915
2780465443
11012388
87296293
124913957
106891557
16320812
129763632
200870193
2988083511
2777549114
2777909563
120228162
37423430
98142538
2780596555
2986740045
150178126
2992671056
133925201
2780989783
3018590553
77269340
23103841
2778827112
80284016
146508145
27134321
14158195
170494330
199068039
156273044
3115412
2778368411
2781252014
49154492
555944384
55282118
3018852811
46205389
45812177
2777680339
180652500
166595027
190253527
207456731
2780367331
2781317605
190515685
2781448682
88639978
2776238582
107284991
2778597888
2775845381
78285338
178489894
64260653
2994309678
558565934
70388272
2776566319
2909375031
150506046
192481860
133204551
2779056723
2780596822
2776664667
118524514
2779679337
115837547
40077939
56461940
24939127
2777352838
2778729106
95423123
2777582232
2780727963
39389867
2779056813
159517358
133892786
33884865
116067010
29985473
2779089604
66882249
206310091
21564112
160467669
101780184
2781219549
113707754
113216237
2776042228
17500928
2780728072
2984708878
166955791
194775826
162695957
84314905
193596192
2985331491
2779613991
2779777834
68160299
29592376
2780138299
2993130303
2775911240
107645774
18123600
154504017
35785553
96865113
2910751579
86444895
2775944032
133237599
2781350754
55348073
65440619
191007597
2779614062
2780236659
102665078
2778467200
2778565505
76155785
2993130379
85363599
3018591125
125209513
30772137
2986707884
108759981
3019770801
129731507
2776697782
68389820
2781350852
2779974597
2780957641
2777189325
22514643
178260956
2778139618
2992770021
49777639
2779581428
2776697845
17632256
2780433410
529173508
153127940
2776534028
2992540694
2779941915
126159913
91196458
2778434605
123046963
2987985974
169806903
181308471
103189561
173018170
121179201
198446146
2779843651
2778860618
43617362
108923987
96439379
159091798
2780564577
77270119
60034152
2776730729
2779253866
166235249
518851703
150670458
2780695682
2987658370
2780466306
2779057293
115051666
179768478
172428447
2779909278
560292
114724005
2986445992
2780073145
163286209
544738498
86772948
17435862
122555611
161189084
151719136
158338273
2778729698
2776960227
504728807
2989395177
173608175
2780826866
2778139897
89623803
98045186
2778598663
2778959117
129404179
2781285665
2777910564
91262260
207850805
98503990
2776370487
41291067
2781121862
2778500429
100207952
181177684
191630685
177212765
134221152
203165030
2777615720
46304622
78548338
115903868
21761406
204017024
176262533
2985758088
11111821
3116431
2777189776
103648661
2778828181
2777255320
2993819037
2992672162
175181221
128421294
2779483572
173051318
68062652
186846655
2775944640
161615301
112758219
161156560
2778533338
125308379
92311004
104861157
70061542
70979049
203689450
2777648619
2778074606
91557362
119770614
43126263
2993065466
80023036
2781122048
98536961
2985790989
107482638
2780728851
2777222677
2776174103
2985168408
2776829468
82578977
108170787
2778304055
2987494969
2776895053
62230096
40046163
95981142
185765463
2776501849
39358052
2776829547
63540848
2986741362
121704057
205295232
117313154
61869707
71110296
2777616031
2778566306
2777648813
189206191
2777976496
2776436406
199364280
2984316601
76844732
183373512
2988412617
2776141515
2779844322
120524526
185798385
136810230
186027771
2778173179
2985889538
2991656707
143724316
2776829726
2775846686
65146658
522325796
2982711077
2987003710
2988642114
2781187916
2780368719
2777648981
114429787
2779058012
113807197
2991918945
2777026412
134418285
2985889645
514101110
41062264
2780008327
164597639
85135244
3017609107
2985529240
21434264
2987888538
2778435480
71405471
196644772
95981495
173576120
160403385
2780336059
2776633304
90509273
93032411
2780991453
85463006
99454951
107646953
52531181
60952562
67571701
31395832
207556602
100405246
2908688394
2780565519
101814296
2780598303
171937826
170856484
146739243
137793583
74256435
2777288759
56397880
2993655865
2994343996
132943942
184356942
158502994
158830683
2984710236
548081761
2778271842
112136304
144543869
2781188222
3018952834
2777878659
2777976975
2777911440
89198739
2910687382
15306905
94081185
3020624039
2776240298
37621935
62066863
169087156
2987528374
2779549880
179703994
2781286587
2778370241
199561411
556601545
178229462
2777256151
2776436953
12980444
172658912
2777551076
2983137510
170692843
2988118254
191172861
51679486
17305859
26022165
2777780509
2992869663
2776731943
2777059624
2781286702
2986873142
2988118331
2776863037
2992181568
104304963
160174412
47878483
3017773396
149229913
15241564
2778698081
94966114
199168358
547328371
199004533
37228920
116593020
32936327
2776207752
188191115
2776207758
84119951
175968658
2780795282
176165272
177148314
184062371
155292070
189338036
2775945657
91034043
95457728
180916674
2777977315
162861558
128487930
74912251
2780992000
11276805
3020395016
2776633867
2992050699
128651787
93983250
2778731027
108827166
2776535583
113775141
101749295
179737136
82219580
90673727
205427263
2779714115
166957645
2908983889
2987496018
70455891
2992673362
76485209
2776732256
504631918
2777617010
55775858
36639349
109089402
80646779
2780795517
2778829437
554144382
171250308
2781188742
2780861071
2776830614
128422554
192975520
2992902817
137335462
96146094
125014702
2777420470
111219384
197661373
9114305
2777125575
206836424
120558287
15569618
2778305236
62460635
75403996
30872290
80515813
68489960
3019150057
2779386606
133731056
203133693
111153917
2776208129
190812933
22680326
65377053
143299363
135598885
175444787
35525427
2986840890
129209150
5968703
2779812673
167908162
3018363719
2778600265
160633673
2779059021
2780140372
54170458
2780468074
51614570
2780762989
176329583
76518257
2776175482
47747970
194483076
2777093003
23925645
541528975
12718992
67212190
114529192
2779222958
166007726
97686452
2778993590
2781385661
93361087
66098112
86381522
2777977813
197792726
2781352930
2779091943
2986087404
161911788
2781418482
161584116
508466165
2777322498
2781058065
156308498
189076506
34018331
150672426
3020493868
65639470
77304879
33199155
2780271678
70587473
43521106
147297375
69637215
141071460
157062255
2777715827
542774390
516920438
168563851
113644684
138744977
100406419
2779845782
2779026634
76256466
31266012
2991854812
2776011996
5379308
2987136238
2776372474
3018396927
2776831232
2993919247
2780009758
21959979
2777716012
202839342
2781451568
63149375
2989233474
2781353284
136975688
2778371403
24057170
90805587
2992444758
105289051
2779518306
2777388388
9770341
2993624424
505681258
2776831358
121017731
144446859
25761169
2779387294
54039966
125900194
169743794
42407357
105387459
80156102
123606473
2780435913
153294291
61871575
147494362
2778306010
3019806175
24090081
2776962539
3018790387
2777552389
2781386248
2780993040
110269972
106436119
142284323
54924851
2776667712
2777454149
2775914053
85890633
7149132
138090074
146937435
2993788525
131634798
2992838255
4822641
547231352
30905978
2993723005
126457475
2777421447
2777159308
95491727
3018725008
2986251926
2778044066
73340581
29595303
22550185
65902250
95950515
185177783
98014903
509974204
2983335612
206345919
77928131
104863432
156571341
2991920864
29202148
544937707
199104240
121050878
82876162
56694532
20387591
2777683733
2779879191
75306776
2781419290
92444450
2910197546
546215728
2985695025
2780239667
2779813694
13801280
89429830
2778535757
10590034
2777093970
127735637
81860439
2987857752
140547941
2780665704
108074857
2777519982
38180746
98899853
174954385
42669973
160372630
81074085
2778175403
161191863
2993887162
16160715
164403151
2779027411
37427157
2777946086
2987661296
174594037
2775881736
116168712
143661069
100243477
43653141
2987726880
2777880623
168630323
176035894
2983467063
170858558
190978112
2781255744
114563136
2780469320
132651083
54040653
2777127024
29694066
58103923
147101817
48306297
55416958
110729354
205789325
2993100942
2776111252
2989037723
121608353
79337645
46110900
134256836
2778208468
137992405
130881749
140187875
132094186
100342000
3018397939
517642484
2992445699
29825287
47487241
2776799497
178297102
35068176
2984155413
2909575446
30775581
166566181
149199144
95623464
86251818
150903083
88611116
512399662
2777061679
2780207410
2985105721
523966790
132651336
51845450
117938511
3019839826
44210515
91887955
103520596
77109596
2776734051
137402728
506796395
2777094542
14293393
60692881
3019020692
2780535194
4430244
148609458
98965940
136976847
2778864079
140745168
2779191767
2776242653
117774814
2780273121
194648553
2984286706
2776865275
3017579018
2776144398
2987301392
154901010
57252376
167254554
48044578
203004452
2778077734
2993232446
512170562
2779585090
34413123
172497479
47487560
41065033
120330832
23927387
63969886
13736549
33364599
74193536
2778929795
555293320
10558101
162077342
2776210078
2988186277
2780371621
41458344
194222762
2781158071
110893760
170007233
2779421379
14981831
27564746
2910001868
137403100
2777586403
2988808934
28613373
3020299011
2780928776
202775310
8330004
45357846
106306329
2778012447
48798503
32283439
79403827
205724471
143989560
186260285
30088001
102177615
545102676
182590292
541104983
2778143579
198613851
168074093
167123822
205167488
146152329
2993429387
53844881
553261973
120527767
36248471
512564126
2992184231
115874739
106306483
168074166
117447612
3019480001
2781354955
147037132
2989005
40213455
131275738
159456220
26713055
24189920
181672929
168958951
513874922
46111723
37952496
26876914
2781256697
2987006973
4725764
172137495
3018726426
2779618335
159620131
115842085
2987858997
2777717826
69016650
2993101906
116038741
2987236452
151395432
11508877
2779913364
33954974
3019119777
2992676002
2779356329
150117547
184720557
2992151728
2776505523
121838778
91757755
119839945
71376074
205266134
154049752
101293273
2777029862
89529581
175021301
110894328
3020528894
27598083
2780110086
14982408
2985434377
98147612
203005215
44670240
2780077345
518429986
2779028768
2776538412
2779356469
180591934
173481278
37789001
166501710
2777652565
500014431
2777980256
140713313
123247970
78519656
105487726
162012527
111943024
2989497712
198352243
82419060
24845683
2780962165
115023222
149364088
60136833
2779225474
207953293
120757647
2778963343
2778996113
2780831121
2778701210
180198813
83860907
14228908
136388014
139140526
2779520441
19275194
113843644
63479239
9870796
177774035
84254168
107027933
2778242525
108010975
147135968
118463975
2779717098
2777062904
103423482
3018890749
2988711428
45882903
2781290007
168042013
47980062
162307627
2780864053
36871734
164830781
34381374
506469952
175349315
95362637
19963470
4988496
2780405328
91790935
163716698
162078301
114073186
2781027943
32022120
183115368
161521259
112795245
2985172591
3020004979
148151937
29302406
761482
48209547
2780700307
99753626
2777063073
199728807
2779913896
2780962473
174333608
2778308277
114237110
514793146
2780602052
2780536516
12590798
2776243918
192126672
2776014549
2983435990
2987335383
119054055
5119721
2776833777
2985697011
5283578
2780765947
40700
2778373884
2778734332
2039551
160145156
2987597579
192028432
3018006300
9903902
510893854
2778570526
25796384
531996449
67936045
169549615
172367668
21339974
85106507
31170391
2780929884
84418412
176856949
2776604539
163258240
2779258753
202973057
4792198
2778963849
2776506252
187572123
2992545694
515153823
2989236134
2776473512
2778537899
54009773
2780733359
171089853
2779422653
2992512960
22847425
127573956
102408133
125411270
165060548
2779652045
83599316
42934231
50601946
70721500
41525213
130064352
2776539107
2779422693
2781323245
2781028344
545824763
187736073
33857546
118661131
82714645
82157600
194191399
119513131
53878828
2779095084
107683887
107814960
148840519
195502155
22716491
2984419406
509550671
2778538070
127934551
120823896
166961238
2992545881
2778177629
2779390046
203595873
138944611
31367271
40149104
2777718900
60465272
3020234875
2780897414
124952713
98705547
3020038283
2778865806
2778898579
2778308757
140779682
199631012
2778177712
18555067
2779816124
67674302
186720457
2780668109
71901391
2994086099
2779390178
2781094116
2777522414
2776473838
2776277238
2992120059
146481406
2986909951
2778145024
160735492
83009810
67805463
55451941
2779259174
2993037610
2778964270
76947770
2779455803
56238396
26878273
2777227597
2986582350
48243021
2780340563
2775884135
2778112365
52928878
3020792175
548217200
26517878
2778505590
118563197
121446783
539828613
546480517
527868296
188817802
87662996
58565012
69738904
29794715
97460637
178823583
202645933
2779357621
42475967
548217281
41918916
139043278
49848784
33923547
54239708
2779750879
2779652578
147268084
536060405
14262774
198451711
2993791488
2778538500
147497476
134652429
2991661598
2776244770
2992251426
39920170
3019612716
2780668467
2985140798
79635011
98083399
550642249
29074008
174957148
2993955422
30188135
2780734062
2778571376
74064498
2993365623
103621254
2777522853
129671850
94184115
2781258422
197698232
186229450
2777359053
50897621
2780144342
2778505942
71508700
118530786
124101348
40346341
2778440429
2988319471
2780013297
170828538
2777260799
21078798
98214672
163128081
50307863
44868376
108307224
144745244
2778473246
154575652
2992972582
145236788
39658296
2778833722
48145219
79504196
2776867660
144024400
205890394
194519906
97854310
137405303
45851521
2780832652
33039251
166142869
2779489174
2780472235
65414064
207987634
2779751349
165323707
74359761
2779718618
37135326
2779390954
19407854
86909935
95986675
74294265
2992153596
88482812
132916221
12559387
2779816988
155296804
58074150
2779030575
2993660981
2780210234
159818811
34972735
89138240
507880516
110994511
22684755
156312663
2776867947
4727928
184296571
24683644
64922751
158016649
2779784338
2780472472
100279451
142124187
2779096232
2777261232
88548561
2779522259
2776343770
184788189
84976871
2776900844
2992514284
2779227376
19768560
2781324535
14034172
112633086
2983306500
2776442119
2777228553
2778735886
121087249
32220436
118334743
107816215
4957475
2778604835
61056293
19244329
112698675
42935608
141141315
202286406
133145927
2778539339
2777064782
4924752
148415826
106866004
2992285014
2777720157
160671074
2778375527
2781390188
2779161974
45393284
2992678278
177284502
79373723
2984224174
18949551
2992285103
2778637750
2779391423
2776999362
86844869
192030150
196879817
81667532
517481932
140781008
2776016342
539469273
2992514528
180823521
2985272809
3018434026
137635306
78161392
2777589236
62989814
2780964353
2778048005
74524168
127313418
2776540713
2779751980
2987664944
2781226546
2778244660
532620858
2989499966
58861120
2779457091
90711627
14919245
2780407378
1517167
185181809
145434228
31139447
178005623
97330809
67905146
22029948
196126337
3020433029
145565327
541664917
161064598
2775951005
152086174
99821215
2776475305
169485995
137176749
181282483
2778605236
195274430
29140674
164767435
167651023
149071572
2994054872
2776868573
129705703
3017582312
2777655017
2776737515
151201525
70133500
538814206
2776377089
32810761
31467283
147859227
62793504
529147693
200288055
70035269
2778539849
142616399
20555606
2780211030
117090137
2778736484
2778638182
194291561
2777098093
2780473208
3017942907
128886652
2776639384
157263771
137471899
2779785115
2780899237
2775918509
2908858289
52438962
25536438
2984519610
61122496
114010052
2781030343
196388810
200157131
2775951321
2780571617
2781095916
133769200
2777819126
104114177
2778736646
556509198
2780375056
2777458711
11413529
2994087961
2778572836
46934059
698414
66594872
122005561
2776737852
55322685
85502023
157329479
172173386
10790986
2778605646
61352017
130721881
2993760346
14166107
113616995
19474535
3019122810
2776017024
207267971
511355011
2993465482
160016529
174336149
2776967331
51456166
184297639
98576551
2992548019
2780866740
169257142
169093310
2777589951
150710463
2780342482
2779261148
197077220
512993513
2778966251
151857401
53553401
2993891579
2776574205
2776410375
65972490
108734733
136227091
27142425
148220186
39758115
13412647
137308460
554936623
2776836400
139569457
9677107
120793396
164112704
56961345
2777229633
2776639814
2777622855
2778048844
2984192347
193669473
131672422
2777950569
202451310
60729714
166930804
2776803701
2779949435
157657479
29829512
2780670349
98937230
2780801425
2777655698
2778704284
119024030
33499554
519580073
188688815
70429105
37202355
2991761844
203663800
164768185
51915194
153364924
61974975
2982881734
28944840
202189257
34974158
2994186709
38349280
535046627
164866538
199305712
110406131
18131444
5941749
174107131
2779687425
171878925
19966478
2983635472
37497375
2777393702
2781456945
105458232
2780310081
2778671685
49261128
206776904
2992056905
2779753035
8038995
158739034
2988649059
2991860356
2780932742
184593036
89074322
2778114724
38775462
2776214188
2781260460
74558129
50637493
2777295542
148417208
83864248
56273599
512338625
143141573
2778770122
188721877
191015642
2778770139
2778999518
70789860
2781162219
204679922
84945661
84355842
2987469573
17967879
146778888
177679114
201960208
2777852691
2779687700
2994514709
151956246
45296417
2780015409
91302708
2777754422
159198006
2776640315
56666940
2992417597
112077630
545860419
20556612
1813318
43461449
44280652
31107917
2780310353
127576917
138816342
96250715
193702766
2777688943
163294075
2778573692
2777099133
182299520
3018075012
93236110
2776050585
71052197
516533161
2779851693
149859251
2991991741
2777361361
2779982806
46312422
39300077
70036468
539667460
2781424646
157985801
8891405
2987404301
2781129745
20032530
30452754
186625053
2983177254
511192102
132885549
206384180
513059894
2780769345
2777459780
100609095
178596936
55356503
132525143
11906137
143273055
83209312
134949993
2780540011
107457646
3020106864
2910366845
2776640645
88190091
14429324
196324498
78458016
74296488
183512234
89992363
98184364
131017901
2781097139
39464130
36941000
99527880
2780146897
2780343512
2776902872
86387943
2777885928
183250156
188329197
2909121775
12725497
81603835
182365436
520301825
188198153
152382732
2776673561
84749600
2776542497
2983177510
95038775
68595000
44838205
172862783
2776378700
135343436
8858961
2780048723
2780179797
175025494
2777230681
121449826
127413603
2776509796
2780376419
2780310893
2780966255
87829876
159985019
82685317
64073096
33271190
2776608160
150547873
18918823
2777394604
2778344882
2983112114
135572916
39890363
18296254
14036430
21442007
196423136
2779229675
527412718
14331377
158215666
52407799
530198007
2780081655
33762810
2779950589
154775046
121286152
144027150
62172701
145108525
2779885105
76885553
2777427512
2780278329
131313210
2778476105
2778902089
201305675
2780999251
2986847828
41856607
169160293
2992221801
508800617
147598955
2776247918
192097918
2778541695
2776215170
110046852
548253320
168406668
167063184
2780343955
30322324
2777755289
141668000
19443361
2779786915
48508581
109751979
107327155
26324664
2778803901
100675267
97300177
112930515
39399123
66629338
158379750
51687143
13774568
152153834
93073132
197046000
2778181360
188067584
2985799443
526757652
133082901
2776379158
2780114722
115519274
33435437
2776543023
2909810479
2779033394
197046077
106803007
2984259395
113323844
174468945
16920402
205991772
3017977704
2778181486
78524284
146222976
2780573568
104345477
2776674182
2778705799
518008717
2779852692
2778804116
526921623
502083482
4927394
40382383
2776412080
2776182711
33566652
2910597052
37531588
3017781192
175845324
188985296
43364308
2778738651
2778345441
2777853934
44445679
117387248
2777526259
71315457
2776084483
2778869765
17674248
60665866
181907467
39890963
167981075
109260823
141570072
196587545
2993958944
143110190
132853815
160903226
56995899
2780573756
2780966972
2779197502
2778738759
2984161354
192327766
196390999
195801177
24326235
2776969324
3017715821
39432304
111226992
2776445043
205664371
97366136
2780868729
52146309
2777297030
161394823
165064840
2778083465
44871818
157626507
2776543384
2778738845
54276265
2779328685
78491826
2779426996
2909745347
111030470
161067210
157069517
503427281
21639389
2780082397
81146079
67186912
2986193123
2777526511
89305328
2779623668
157692150
2985275640
77967617
91304198
183152904
65909025
16986412
126071100
2776445246
2989044035
186855751
187642187
104247647
534262118
2779820397
34320749
2780574069
195768694
53621112
2011517
2780639617
204222849
2776871301
503263630
2780148112
2908795282
2986226071
108474776
2778739095
2780344732
122368425
131969451
156152238
102379954
119452085
528167355
2776576444
192328126
112964050
73282008
2991862235
193081819
198783460
176239081
134066672
2781426162
2776674806
2777231864
154874363
55587333
162443782
177713679
202093079
3019354653
204223013
2779886121
112570922
510538283
4239916
513323569
2779820595
2776248883
139997747
2779886137
68694590
2780967490
113324615
2778542668
64270927
128954960
75608658
2778772087
2775954046
4698774
2778935963
180761244
204321447
2776674983
69907114
107524782
127611570
2781426361
2992779976
41661131
2778739407
2778903259
109359841
10138342
148976360
2778444522
134132462
141505278
2777953023
100053769
2986160907
3018339088
3018142482
2780967703
2777002779
2988454689
2779099944
2777527080
2781066024
193934123
49427245
557691694
111424310
200749887
29143872
2986160967
2778706760
97137487
191935318
83931994
68793194
2779427698
161526643
2780771206
157922185
121615247
522695570
65483669
150451098
182236062
2777756574
89600930
170734499
142947238
2778248108
117978034
81376181
91632574
115880899
59519942
2780378061
203043789
42972112
21410773
520434653
2775987171
147764199
519222250
155202549
188167160
141571065
106804226
21279758
2779296788
2781426709
161821725
2778149918
3019977762
187937830
554579003
2777134139
98907195
544519230
2775954502
129446986
82261069
2986652750
201995342
97137747
668760
134362201
66204764
164705383
2779231336
2984621161
2777363581
165033091
2780312720
2778051730
73938075
2780247198
2780837026
2778379427
108803254
2776937656
2909746369
5911748
207467718
9417928
17511633
2776347870
516764902
45135082
2780378346
2780378348
2780673261
198751489
7255302
2778805511
2777986313
173552908
2984752397
523056402
2992911641
186037533
31601959
105297191
136525101
508278066
60798267
2986587452
20788544
165786947
39302471
551662922
2778576202
3913047
136197465
185578843
520566109
40875361
177321328
179254644
2775954810
143275388
84063617
2779821442
170276225
2780575108
3020535179
2776741261
122041747
25343380
2781197716
2777462167
60044698
44938667
152876461
2993632694
70530487
129119673
47822265
2776217022
149927359
202552767
2777626052
174306757
516994506
2777822670
180925905
2778215892
2775856596
123745756
111326686
2776151529
2985178602
175551986
2776937971
67646966
157660682
150418976
2987832877
13481523
2982819384
2780444219
2780673598
2777855551
77805123
2777396833
2781460075
201307755
120927855
2777331311
137180784
23213687
105002631
161691276
167523981
163985040
2984949393
195704467
102938260
146978453
3020207766
2777167514
43595421
160151201
2777200299
85079727
145798840
88520388
2910435018
2778642129
2778707667
84948697
137836250
120665830
19707634
73283319
2780968714
17020691
139015958
2777364248
2779363104
8795937
183121708
148027188
155301685
2778707766
103692084
13743948
96089941
2780149590
2987276129
2781198186
152745839
2992584562
2775922551
186857363
32946077
82753439
2777790407
2776545233
533215197
2777561058
540751848
2983311337
24590314
162215914
128268270
28719098
93763578
163428354
540522513
12269588
140556311
7321624
2776283161
84555802
2993469481
116865082
3017619522
58013763
8337478
2779494480
120567893
190560348
2780510313
2992191599
108771440
2781067378
2994288755
3020077191
127613066
109852812
2777036941
2780084366
3020077223
2992421032
136886441
207239344
3020699826
187250869
2777266375
173127888
2779789524
91306197
26589402
51034333
154908896
2993469667
53688548
2780608745
2780182762
3020404979
2776512755
2779756789
2993731853
162838799
2909583634
159234332
3018537244
66402592
93206822
100776233
2780936489
24885549
2779134260
70236469
547764534
113522999
45463861
2779167034
3020699964
12532035
173979980
558872910
204323151
157170001
2780838233
2776676706
2984917352
2776807786
16759151
28129649
203864433
2668921
2779265402
2992486779
51067260
44415380
2993273237
2779101595
524204448
2910599589
2776971686
70105528
2780248506
103987645
2992257481
2777168331
2780838347
2779363792
46905813
3018963415
2777037273
2779527642
131676636
203274722
68991459
2865642
2776381931
94124525
43071985
2767350
141441539
41826821
113162765
4373008
162478608
111524372
153991713
201374245
199539241
185874996
68762167
2985179714
2992945734
28490314
2780609101
65813073
155761240
193149544
2779396721
56408696
2778348171
175291020
99138194
167393938
63584917
206355099
2778315425
55851684
149011108
87931564
34781881
179518139
158251709
190954187
135510737
2777529043
2778282719
2984557284
2781231848
2779495148
155663085
134560507
171981572
2778970885
30358287
175815440
16005928
182336301
77019957
91863865
2777561913
2992257854
2779233093
4438859
87374668
117455697
198327121
169851745
121158502
14498672
2778774385
136264566
191511416
45235069
2779888511
2992520072
2777922441
162446236
2910862244
112999334
114965421
140688305
60439489
25344961
2781395907
169655244
74103781
78592999
99498987
124304363
150256626
555826173
2778315783
41008148
32848918
133479454
44710944
2780642338
2777365542
158514216
2778053677
24394798
152124472
2778971194
50805821
205208641
162118730
43039823
178633814
3019816032
18431079
2777103469
127220857
190463098
2778348673
143998085
3017653385
34716815
205208723
108215451
2778447006
134757568
123550912
150846664
99237066
2992389322
2780609749
94026978
137641188
3020340455
2989374701
66862320
200457457
72563966
73219336
193445137
52837651
2988424471
2779561248
87833898
3017489713
201932085
91602232
143801662
2778873167
19643730
176504155
170802524
104545631
104054115
2778611045
2993110374
3020701032
2777038186
2984328558
110050671
2775924081
59719044
107953548
523419034
2776153502
2778152352
138591656
83082669
110738861
2991668664
107101626
2777890234
2984066494
26983874
2777267654
2777464272
11189718
29081049
152223200
196754913
9354725
166116840
2984558057
2776841711
8797682
48840187
147176958
32587265
204160518
61423126
2993143319
146849305
2781363737
200687136
170573351
2779790888
65682993
3020144179
44416564
2778447413
3018407478
177225278
150552126
163888707
104513104
15122004
182500959
139968098
89505385
146357865
84393581
178601582
2777038452
82820731
2781003394
2984820357
123551368
2776612492
129875596
109821595
197148329
2777693866
2780741293
61521584
167296696
2993995455
201866948
199343813
2781265626
110739175
179420905
2777857774
2992750335
2776841996
508378895
113950482
158154518
163528473
2779135771
152747807
137019171
3018669867
2777530160
136625980
171687745
47136581
2780643141
2778971978
2776743756
176734034
123813714
2779955035
105168734
199016294
193150823
135642988
183582576
2780610420
28819325
2801541
61783943
2778120072
2780643226
109297577
79544238
2984296375
79675319
2988425146
65257409
89505729
15744967
116834253
203014093
83804111
2984984529
169885649
2776874963
44154836
70205395
41009113
2908635103
3017588708
2778775528
2778447849
2780315633
71745522
2780020723
2780545010
157138929
53559285
101302269
61063171
194789388
74366991
16171025
2779103253
18563106
197640229
84525096
119947313
194232370
2989277270
175259745
2778677346
155598946
10272871
2987704428
3018080372
2988064887
2779463800
156778621
42090638
2993471631
142262419
2780151969
169590947
29376679
1622189
2776416436
46284986
40976572
81543358
2992685249
63029442
151011524
177291462
118505674
59785418
69976271
154255573
78168278
2909094124
99533047
2779234561
2777301251
2993275142
74072328
557433098
2994225426
143409427
149635348
184533269
67649825
2777563447
48939323
126042441
181190989
2779824472
190234968
2778087770
167002459
61096286
11354467
199639397
2778874215
174801256
2779070825
51364203
178635117
2779136372
2780021121
2984362373
2992882054
201638289
2776809875
2776088982
6177178
68108699
62701983
142000545
2780938662
101433766
2779496878
53100981
2777760186
2780512708
2539976
42058189
2781168091
2778612188
2776252893
24461792
2777891301
78201319
2991964656
2779529714
2982822387
21905920
2776285698
138101251
205537798
541409800
2992390665
137314826
2780840467
2985706004
77906462
29049376
121684516
2775925287
3017654825
2779628075
2779005484
85148207
48677424
112640561
161759796
2778579508
2910798392
17744445
2779333187
2777858628
2780414537
2777825866
180699724
158876240
207438416
111919701
7946844
76956256
2777006689
66699896
189645446
207209096
2776089235
32916116
197378717
166970017
2992423588
2777432744
15286952
21021354
95371953
24756922
176472771
124306116
72434380
16925390
2778383056
67617509
42058472
104317675
2780021488
557531904
30589699
2775892743
555008776
106251023
134202134
103760667
2776941364
57918260
6505270
120865594
2994520894
179585855
190694206
164086593
2776777543
2778121033
19743564
2779267917
2777826127
2993341270
109986646
92259163
80429922
90915687
162022261
60048249
2779366285
184337299
63882131
2780218261
2776548248
161334170
127353759
105923489
18465707
2776351663
512115632
20136886
22070199
28525508
22561748
2780021719
503923677
2984166366
2987181025
510870499
203539429
184992742
175457265
191087605
114869243
112968700
2778416130
2777596936
154420247
124535831
10470442
3261483
2778022956
94487597
2781463594
2776613951
2778940482
61719626
37536845
2778514511
94061648
56640594
2778022998
115786838
19612761
2212953
2777957477
162317418
66569333
150193269
85345410
116409475
55952523
2778121359
2779235478
3020440742
2781267111
2780841128
2780415144
2780644530
204948658
2993931450
71156930
204162243
182437060
144229578
2779923671
179455192
2993145049
56739046
192562407
55493867
207963374
205112559
39699697
198231283
2985379065
2777072894
2776843527
142853389
2781037846
41895202
112313634
45237549
2987148589
2779923759
18007350
2989540662
2993112377
173655357
2776745293
1525070
25642318
2776024401
2776384856
17319257
93996380
12174686
107038049
2278759
2778023277
119883117
45827449
521815418
174998907
2778744189
527648132
170706310
158746014
162284963
2780054949
2779432360
2983609787
2992686539
2780612046
140625360
2779661781
534529494
102483414
94389720
554190296
38815200
2779268580
52119013
72041958
43075056
10929652
56837625
187155963
3017754109
2777138686
142362112
2780743171
2779530757
182306322
2779137570
19351080
525551149
23119410
152880691
2606647
35341882
2778613307
2780579389
2987804222
155567681
2777171531
2776221269
163235415
2778449503
119850591
6243943
184665706
2777826928
2780513914
3017754240
44877443
77088390
2775893642
206554765
2982889124
2781234862
93636275
164120249
2779924154
2779891390
522602180
2780579538
155207387
95831776
2780907237
144918251
12404463
138331895
2778056439
101271287
85608190
2778023678
58312451
101336846
186468114
154945302
2986592023
2778089247
39569185
2776090404
103565092
112805685
2780612406
116537
167626555
51234621
2984429377
2779793219
50644808
2777499484
2775959389
193415008
201410400
151406439
15189868
2777663346
138954614
2992654203
190793597
112904061
23906176
2983413640
2776418194
2988459927
6899612
2780186531
2776090536
2780841897
559400886
2781235140
55166926
157763539
9127897
2779301863
165005293
200198126
35637245
105662462
21547014
109168655
108578832
2779662365
2988460067
124504099
134400042
2776123436
186370098
58640448
61032513
122308676
187713609
2781300812
110872660
152455256
37374048
2777303138
313442
2777466982
2781137002
2776844415
2778417280
11192451
548259974
207505557
132106392
3017853095
2778646699
2776647852
130336943
2776746162
71387314
514803892
74139830
3019360443
59656382
159631557
7817414
38652104
108087509
163432668
2778679518
2780023022
129353971
112118009
2779662586
150292731
155076860
2780645631
19417346
2780416260
91375879
2988984586
2781137167
2778941711
2779891985
2778024225
70437156
206588197
130500901
182566
166807848
2776516907
2778974508
2779072820
9390403
2992884035
76073288
170477896
2776680780
139807058
2777532764
120310109
74172769
2777303404
48515440
2780154230
2985871740
177064316
141904268
9652623
73484699
2780154274
59427239
2779728303
32295351
107235782
524765639
99862985
541182425
66341344
189188589
2779302386
101468663
2778712577
104352257
176933379
2778384902
15845906
2776517139
2987379237
739882
48220719
5655090
190892606
150817343
2779433544
19122763
10144332
98716237
138824270
99830354
30755413
2776779350
138660444
152095336
3020212850
2780744312
2778811002
151898751
2776615554
2780940931
2781039245
2778024590
2983447183
2910734998
96455323
61328038
153701036
188598960
68537008
75778745
3018279614
94915269
2780056265
136923852
81939152
195807954
2985708247
13159133
113658590
2986265317
173886181
201280247
25185021
151800584
134531850
84265765
2777598771
100158260
143838007
2778712887
2776058685
2908965694
80038721
513985346
147147588
47696715
72108876
507366226
2776157020
13355873
108383078
160844653
187878255
149277555
53332860
2777402240
42781572
2993769353
2779794324
18762648
49105822
84462506
157764524
187288502
2780416959
2777500614
2983939019
138496976
2994392017
16108499
168741863
8965099
2777697265
51399673
2778024958
3018378255
536005652
2778156053
2780580889
160713754
2778090530
191908910
2776943663
139676723
96324660
187452473
173853756
167529545
10144844
50416739
3020672099
93768804
136006765
123784306
102190203
87379069
106286213
543280262
184896649
165825675
2778025104
122965138
2777402515
2777042071
3020541086
193809577
142724271
2984692916
2779204790
30231744
2988821698
114445506
3018640582
2778221768
130731218
25906391
57658597
121752807
58346731
86297840
3018804484
186764553
2781039887
126831891
61361435
2778320157
541019422
2778451229
24890656
2776321320
2994130222
2779696439
204983608
521751864
2778713406
159403335
200789330
2776583511
103697762
2777632111
2779598192
83479923
134827381
2779499894
137776501
57101690
2778713469
180505990
154488198
154586513
2776780178
178408851
2780712339
144559511
178802073
2781400479
2780941728
79416737
2778385833
519982507
2778254764
2780941741
2781334955
49040817
144133560
36588987
2778222013
171265473
2994228675
2779073994
68799949
39570901
52121051
2986528223
2777206241
2778582501
91803115
128044525
123588078
113954288
2909720056
136695289
50417146
2780319250
121687571
7720470
207539736
91672089
60083737
2986659363
2777632292
2778156585
2776124973
2781204021
108154423
2781007418
32198211
3017985614
130436687
2778648169
122637931
155373166
2182769
46681722
2779106941
167169670
3018280585
126537357
107826830
182406803
145804949
87117476
2779041454
31510193
110120631
53071545
127454912
78597825
104582849
2777796293
156749511
2779664074
44519122
104779481
37736160
2780974818
104353511
162451180
2776190703
45567728
204787440
2780548848
115199736
138170105
155635449
2776354556
151211776
83283714
113725186
2779500292
169168650
2985021205
522964758
191287063
2780712732
2989248294
93474598
536366893
50712370
58642233
2780909371
113364801
2987052865
31903555
2992459599
17289045
2777042776
2781466463
534859617
2779860840
57528182
2985250679
3019493240
2778976125
2776420229
96391052
2780155792
2776190866
125620115
2778288042
76763059
114118609
2984333267
133320665
18599908
37703655
78434282
2779041774
2993770480
90329073
45764600
113364986
2780581891
22171661
3017560084
2993475605
2780385302
121098261
19648533
2778550298
164614171
2988167200
37965861
2775896111
101765175
167759928
140824633
2779205690
94982200
549605437
2777305159
175853643
64016462
2780876879
2777960535
2778091609
16568411
2779336797
57495647
2781368420
135909481
105795698
88100979
49533043
2780156021
2777501827
161599624
2777370761
138268822
2776748203
177066171
198004926
2779566273
44060867
24596685
2992394448
146067670
2991739101
3020148958
2777534685
56086750
47796450
544821477
206622957
545542383
500551929
63000827
2778484989
2778157309
2992001278
173560066
180539650
108286215
78762247
16830735
182931732
119263510
2776060186
2777764128
520343842
78500136
194695470
13553968
2780614964
79581498
2780680512
163074370
2779795779
2987512134
774472
2778091849
2779795794
2776224087
35869016
3019952477
110121322
108548466
2776453491
2778485113
577917
142692745
200593801
132829578
185618831
3018412434
72634772
114938261
120115606
110350745
2776224158
153440673
2778517922
194498986
158355884
92361134
189092281
2780713402
137580998
2778976716
95637964
2776650193
2778780117
2779730394
79974875
2987315675
27415008
2780615140
82203111
4641261
109400559
2986758647
2776748549
83415579
89051679
551997983
86266404
2992755240
181588539
11489865
2776814158
2780090960
2993607248
182964821
170119771
2778059363
2776289891
2778583658
2779501167
130536060
12997251
4051589
3018216069
94196362
187191949
126669455
132010649
2780975770
77714075
2779370140
199185054
2778976927
2993312423
175133352
119657128
2778419888
8868529
2779304628
73945780
2777207495
2780451532
526406351
139940560
134697681
145642194
3019723476
2777764564
3018838755
2991969000
135910124
2776060655
88199923
2779960059
3232509
57660159
184603391
89805583
146920229
3008058167
2780844864
22467394
149672775
121099081
13062989
2781238097
203379541
111498074
2777338717
73126755
138236772
164516710
129880937
19288939
124932975
58053490
2778420088
2778583943
2984760201
5395353
73520026
2776257435
179262372
33313701
159437735
2780156850
40293303
46355384
514053055
124670913
110875604
133485526
520049643
2779829227
81089528
114021368
90559484
2778223634
3017724952
178639896
189781021
34329639
121426985
93377579
3019887659
2776716344
96654402
80958533
198104137
2778616913
2779599953
148526163
540431452
1135709
2779599972
71750763
123327596
178148461
2780845164
88527984
2781140086
22041718
153048206
204854418
2780550299
2780615836
34165917
55923875
65655974
519885992
542102704
22664368
181654704
165696696
144430266
81286331
2778584255
138958017
25908422
59430087
2780615885
141972696
168285401
2779370713
25253098
2776061162
81155309
177067256
2778813691
159110408
2780747020
2775962898
23123220
546592022
2776552730
61265191
2992428333
2993247534
136172866
543511877
4379982
2991871313
2776946002
2777961815
2775962983
163173736
142038384
75027835
31348098
135320971
114611597
44750222
2908837262
108713360
16635281
100521375
2781468064
2909164965
134534570
9819579
104650184
2119116
114873805
82793941
3017561558
55596503
2988987868
2780583389
158488048
11392498
126965237
2779534841
180016635
174183944
175134217
88626702
2984334869
2777011736
2775930393
2993739289
182408735
2984367651
26760741
2987677221
526734887
2780583480
34854456
530470458
197973564
64869954
137287247
86922832
68015696
187029079
2778715743
2778945127
2778289769
181622380
59201141
2778355321
2780386941
112481924
2910082698
177264268
7591567
162027153
2777601683
2781042323
174839445
82990744
530175646
2777011882
2779207338
2778551981
2776684213
2983843516
2994493120
163763905
81843906
2780944068
2778420936
3020510925
2989086416
537843408
2780616401
65492689
2781402841
2994198235
2780255968
80107235
138827492
99407587
25810664
45012715
22927095
2983646967
38786816
557471498
182769425
2780026642
199776023
2994067223
169760540
138893092
518936366
2777929519
21780288
34330436
2779797317
2776422217
2777438025
163239763
506615639
13424479
2777601897
3019331434
2777831278
2778584943
38262639
130963320
2781206393
2992166776
34101116
43472768
2777831296
205215620
64903051
2776094605
2778421134
44291984
35280785
2983909278
2778093475
3987366
2779010991
7493553
2779797433
138368954
3019659195
159078339
2910083013
506058694
201316295
159176650
39376844
524769229
195319763
173201364
2780387288
200202201
2781206490
2742236
89479133
153606108
2776946656
51632099
29513703
176379880
112416745
66901998
2780551164
206034944
2777667586
142039048
3019036681
108615695
2776356880
119232533
3102742
2778126366
96851999
116840478
184408114
4216890
3020707900
60053565
2779338814
141121606
204036174
2779863119
54745167
47175762
2776946774
142039133
61790302
2992232542
106977388
25188466
2776291444
184670325
107763842
129554576
50747538
128374937
170154142
62085286
103504046
2779273396
2777667771
40523978
2777176278
2250968
2779732188
54286561
2778519782
79386861
2909264111
174348530
47798520
2776848632
88463610
150329594
78600449
134207755
4577558
127162648
83646750
2779011373
2988529969
108583219
2776291640
58546491
111368507
149215556
197417287
135125338
2781305180
2775832928
111335779
17881449
138959212
35674477
141842801
48126324
2780977526
533584247
48814466
45504901
49895821
203151758
95803793
2984499602
64543145
2779732396
111696304
22174128
2994002357
2781403576
167729594
2781469121
198531522
2777995714
30038468
107993555
2982795734
105339364
2780813799
2780879335
161765866
2776324614
509729295
28858896
2780584464
2780027415
86792732
193419808
63527458
163109420
2989251126
2778585658
15587899
2778061373
131357253
2983254600
2779601481
188045909
179886680
207673951
55958113
65165936
136764020
75291252
2778061430
2991774327
26466937
2992462468
134535813
64871058
191093397
169761439
8673954
2985745059
2776717989
2778749613
536894130
2777766583
3018087096
147446459
2778749631
24107716
58874564
2776390344
2779077324
178248399
76143314
143219415
204495577
105306849
2776554220
2779503344
43211506
11164408
2778979077
171268870
2777930505
130767629
70179600
2910182162
2778553114
518773536
2779470629
17160998
101276457
153180980
143121216
2780781376
2780027720
2776193868
2777340749
2777897806
101997407
206658404
2985974629
194304873
2776849261
2994232177
203479927
2994232186
2781371259
75684735
200924035
197352329
81877898
145644426
74734477
2776849302
22502294
118643609
2989087649
2777275308
86432685
3020512178
11066294
79518650
503897019
3017825213
10050518
118021083
2909821917
23976947
66509814
2993937409
75947009
60644358
151051286
84859931
2780257311
2775997480
74243121
27548731
119823426
128769094
97082442
3020315727
2994363474
74275925
2780191829
482391
2780224610
120314980
77618280
68312169
103144560
2779110517
45374587
195910791
2779831433
517823627
28761237
172776598
2776390805
45440154
79158427
3020610715
513891491
203087015
69360830
89611455
163339463
2776784076
2778029271
147021018
201743585
118840557
102587632
97508593
81288441
122346748
180706569
136699151
103472402
2992135444
2779602196
31972630
2776587543
67558686
112876837
3020676391
2778848561
107666737
83516724
121822524
2779733308
204201278
33676613
144072006
153279818
2777111884
3020250448
2780126544
21552470
2987875673
531946845
23125352
2778652015
2780847471
2777767291
542530943
2781011336
2992627081
542858634
176217482
92855701
134765980
2779438500
2775834023
140205497
2779438525
2776915394
157310412
2780945871
2986663376
2776784348
134503902
3020348901
47177190
68476402
121724403
14999030
2779831800
66018809
80797182
92298750
201645570
135945739
114351632
3019398675
120217122
2779602485
2983812674
65986115
73555534
189423186
107535962
160947807
45801056
126082660
2780814955
33283694
106159729
14737013
2988170871
525721215
205971072
44883583
2994101897
9395851
2778029712
505175697
52420254
1007266
32235180
2775899829
2779307704
152067771
3017957056
33054407
179691212
2781339351
97541855
140205800
130277099
193519340
56909552
2778324724
165699331
2987056902
2986565385
2778881803
123657996
2992824084
69721887
110354214
2780061478
3020513065
2778029865
2781241145
65232700
2522767166
3019398978
124772163
153083717
131129157
2778357586
27713364
2779668308
2777210712
504749915
195518309
110157686
21880701
157572991
2778488704
2992627588
147873670
179036041
76177295
62611344
2777210771
2777538456
164913051
3017891749
201547687
2778914735
2780585905
119857082
2779963324
88006597
533356498
2992496598
38035415
94625758
2992201701
3020349426
51929080
2983583741
200925200
165339153
9494544
73916439
54059038
16277566
521822307
206757995
201515116
2776031354
2776817793
2778751112
198140048
2781110425
207347870
26140837
190832808
95543465
2994266286
2994102451
86532276
38822068
2779472054
48947383
99508421
15524039
3017433307
195813598
36561122
2780750054
174809319
2777014519
5038329
54649085
2776948989
2779439359
20766975
2993807623
81060104
162324750
138338577
58581272
13164825
29024540
2779898141
187687199
13852961
171041071
52027705
2780193096
43639116
47309137
2777276756
2780946774
2778587478
67592535
2780619108
544956773
2780520809
3017597292
2992234860
2780422510
179691888
118251893
147579259
2777375102
2482559
2780553607
29122968
523788702
2910151070
133652896
158523808
132964779
181199279
2778489266
13164978
169796023
43246008
95609273
2984567223
2776359362
58941895
2778456524
46686674
120938966
39510489
2776687071
141353440
188897
67396069
2779308522
174252522
194699767
2779374083
2777113093
14279187
164749845
2777768476
2988270110
204530211
2779013668
2986304054
2909299263
2777702977
2779243077
169468491
159998540
2777735758
2777801307
87450203
37413474
2777932401
2780193402
2985550459
2779898492
35578498
2777997956
84566663
202105479
60056205
2777146004
2778653333
200106649
2777211547
154690210
83419821
2775868079
2776818353
2776162994
13263538
49930933
59269818
10347200
2778358470
2781045450
207512268
2985059025
2779079380
192209626
114713312
2983355114
2775933685
2779439875
29418244
2778555145
2780062483
57041688
2776556313
123593499
2778653478
2777113389
108225325
2781078320
22111027
2775868214
70771513
142172996
2778522442
2777899863
42525527
2778456923
2983289691
67101536
152298349
40231798
518677369
131097465
2780586882
143025027
109929346
40919944
506520463
10511252
123691950
552854447
194241460
172385210
2992694208
26993612
2780586970
79061980
2779669469
2776916960
2780783599
2780226545
51274741
187819001
44819458
41608201
193258505
20309002
8184842
110158866
2778096659
81388566
77390884
60777511
137913393
44000306
2776654903
133162039
176055353
67953723
76178495
2777146433
95020103
75949130
104293457
172123218
2777080924
2778129506
112911467
129361004
105702510
143385712
516187249
153740404
3019007097
67363961
176809094
19096712
7660682
31548570
189326492
2993022114
151643298
20505762
56288433
36299963
2778260677
2776196297
16311509
2776687834
12772571
186967261
28435686
2994201839
2776327409
39183613
10446079
174220543
451841
943373
5891342
179299601
2780259602
199845137
202695956
73884952
31352089
32236832
54355233
60679458
39118121
2777113906
3018122547
121955636
2781209916
2780816702
2780882242
21423434
526771534
163439950
192800085
189326681
2780620123
2777834853
2780226923
535291247
161473905
143910263
116188536
10511746
26011011
2777834885
2779768198
86369673
150594956
106030495
177825189
2776229289
127722929
534406577
514942387
113993141
2987419075
2776393157
2781078984
2777212361
178283979
3019007443
188048851
2778719706
2777998813
2776196576
7923174
148792806
178218473
9233905
160949748
2776983043
100001284
2779506182
2776294918
129230348
183920142
2778883600
3019433489
34760210
3859990
76047896
67069471
2776917539
62907940
2780030507
2985879086
35939892
180872759
2780587575
141715002
91285054
164554305
194078274
52913732
191489605
2993284677
2777900618
5072461
187590223
158525013
2984404570
37054046
2779407987
2780980858
1304207
32597650
154527381
2385561
157181609
2777671340
2992826032
539944628
57501372
2778818243
2777278149
164226766
47867601
117270229
3020383963
2779965156
2778392301
6907630
35219183
147220207
2780522230
2779145975
2776360696
2778818304
101738243
165537544
69527307
2780129039
2987255567
2994595602
100853524
87156501
132835097
16443162
136406813
2983061281
93906722
177235770
2987222852
2778556233
2777802574
151054161
2778720087
2777802595
2777737062
2781210498
123201435
42133412
27518888
2984634286
81749938
201025465
89057211
4679612
205711294
7366592
183003079
114419676
169437150
43214815
42199009
2985322473
205318122
2779768813
101541887
51832835
64841741
2779998236
92956704
166422571
205875254
207480886
36464697
2778720315
2777180221
2777704519
3018713162
183068750
178350159
544335954
1173588
188573790
157968479
181889124
112846952
2777311342
151578736
2993743986
126838900
195487862
136996986
529754248
74672266
24733836
165472397
160295073
2778917026
2982832299
2777999536
188147891
84240569
94070970
2777737414
30795975
201943243
188082385
2779703513
2993776861
2777180402
2778458363
124119293
158066952
1009929
38693133
2776951054
2780326160
2777704720
24373527
139749660
176777502
134146338
2986862884
145746218
21457203
26503482
158886217
2777672014
555379026
502032728
109701466
124086623
46721378
550791530
187394410
2776295790
199190896
2780195191
26077564
195094911
20277647
2992695702
97053079
95349148
2778491294
2780228002
113174947
131918245
2984241579
73525677
2780391855
1337776
21883318
1370556
22735295
3019565508
2777541062
3017894346
47737302
2985650651
123890144
2776951270
2776394216
54290928
2994072054
2780719617
529099274
171534860
169699857
2780719635
113863187
86469151
2778753569
2779703844
65399332
2775902765
67463725
39217717
161475128
177924670
125502
50522688
34630208
204827203
150202949
72280650
71199308
7694927
2983815764
186116695
2777082460
98986596
142600807
205548138
2776459890
103377522
2779343474
180152950
184773241
198306430
163867264
29321873
2779703954
70970002
61434518
128019096
189950617
164850336
2781276832
101509794
2986470052
2781047461
2780031656
2776001192
2780424876
91417265
2994072243
190835381
2776230583
117009084
61696701
166423231
112356035
2780883654
2780392137
99740376
15952604
2776459999
186673887
2778655473
2777541363
171141877
66153210
3018615553
2777639682
72280835
31910662
19163912
16345878
14838553
3018189595
2776034101
2778753846
2994170677
14641988
2777508684
121957198
2781440851
135981907
526805850
170290021
185592680
92400490
21654378
195324797
108260229
53996427
2983586703
526740375
191654821
204434341
16051113
2778950570
2775935930
78834623
2777410504
2992860105
170748874
179366874
7465953
534932454
73329638
2779114481
1862650
2780916735
503016453
141421574
186870795
2993777677
528182289
57273362
179530779
199978012
48262172
527821871
522513456
115076146
2778917941
182021174
87190583
97250363
2776788033
58911810
14085189
511503438
174255183
2779573327
111766609
2985487447
547646559
34008175
2777869424
2780523633
85847156
159149176
2778852477
2780589192
23161992
199519371
116190364
105409693
2984832160
2779344036
2777902257
53144768
48983235
501378246
2778787019
115174607
149810388
67497173
51244244
2780753109
2778819808
2780589280
2989419759
24308983
2775837943
190475519
62057728
2778950917
193293595
2777247013
69823785
8678698
2777607469
185822510
2778426673
204434749
183889225
2779671885
2778426721
2778000738
54750564
40627559
70118762
3018222959
195358072
2776558979
98495876
2994204036
17231256
87813535
17886624
2778000800
2778787235
86338984
2987355568
45804977
129002938
2779737534
128544194
507571656
92237259
2776493517
194571728
2988666330
504131036
153349607
162754035
2994466296
2779737597
540372491
147942929
2776821279
90697248
64876066
27061796
2780065318
186379835
2775871042
162852421
192769605
2776854086
2987552334
94957134
2910449239
2780098137
2775936607
2994302559
199683683
2986045029
90861158
2983685735
2987650672
2780524149
181169782
75165309
174091901
2992893599
3018419874
2780851881
48000682
81587897
2776362682
25587389
2778721985
38956757
18640598
80309976
74149592
2776854237
559116025
172191483
22212356
179531526
487182
128315158
2780458788
95383336
21491501
2778492718
3020812081
91451191
87355193
47116090
2776756026
201289532
2780720960
2780917571
200601418
2992893776
115961682
2780589914
112947039
46002017
75755367
2983292776
2776952685
205778803
162262903
2992402296
2777182073
512716672
115961737
95743889
2779017109
41971633
3019730874
2908647359
137293760
16674752
158592959
83849155
75427780
2776330181
206139338
545288138
3017568202
82210777
206729178
142962650
2781016034
2778361833
182448111
2988765172
179335157
123138037
100691959
2986930172
2778755073
2778263558
169537543
2779541514
20574231
2777477151
106131492
201650216
142110763
2776756274
207581243
2780753983
2984734790
121958486
111472728
84734044
185004128
122941539
2779279471
2779902066
22507642
46362747
157085824
2778656907
2781311116
164065428
2777051285
165998758
2994270382
558461103
187691185
23130292
89714869
2987946170
2779017403
2777280699
2778820799
519991488
2777673923
2775871700
119599318
97382630
88862950
2776494319
2776985847
2778329345
2778558725
15724806
77197577
7991579
168292644
2984407347
2776756539
28143949
69398868
2775937380
2780655974
2992337254
2776035688
94925161
40071531
2775904623
119599485
2847110
2778689934
2780295577
148500892
9957790
156365220
2781213101
158495155
2778165684
2992370099
78508483
2779312582
76509639
3017437641
52130261
92991967
2779148768
162853370
59732488
176484874
55439883
50033165
129364497
2777575956
2776527387
2910908958
2779247141
9630246
2910384678
3018060332
2988634675
2778493491
148730421
2780262971
2776003135
2778362435
74510933
110326360
145420912
2777870961
2779705975
140505726
74216064
78639753
87519884
2779968149
150303390
1667742
2992108202
66024118
76935873
538473155
118518473
2780984029
543847140
2778821358
2994238195
517468935
158561033
2984309518
59241245
42693407
26931999
504623915
5894958
16282426
5600068
2779607880
192639820
49902421
48460631
62190432
98825075
2778788726
2780656516
81163149
72414096
197129107
2778002324
100463513
14185376
16151460
2780165032
28472234
194147245
73528240
2777641907
200635333
2776855496
6878162
62354387
139621336
3503070
145912823
3018552312
2778362873
2778887163
2910417920
117797892
4060165
181335050
86111242
21001229
2777904157
2780623907
167900197
15430695
80245801
2780263472
74478641
84079672
171013185
41022531
193524817
138081364
84309077
61797465
32896092
133264484
53605480
2777642091
532444271
76969082
139162783
68842666
556758197
83227832
86537402
202372285
2780656832
97350851
2777543875
29848774
83260615
2778756302
199521495
66090201
2993059035
9368797
17757408
2984408293
2983523559
2994140392
2992895212
34370810
205976826
120452360
2781017355
205649164
81917197
2778330380
117011727
2776364302
2777904410
2779182362
152630561
43349283
1668388
72971556
48002344
21099817
2779903281
171078966
31782201
3019896124
2777019708
178484546
33846599
163214680
167966045
2781017439
100660578
60945770
2777904497
2778101114
160920958
2777675136
2781115785
3962253
22508944
151319957
2780263841
8025506
2988045736
2777019822
2991912374
44725695
2776004034
169735623
53016008
509933004
552990157
122156500
3017536980
168031717
149091818
7435765
115668470
190248442
62649853
2779117054
2779084295
100726288
94107157
194541083
2779870758
2994533931
97023534
2781214258
165705269
551482933
179926584
38434365
182122060
2987423310
160724564
148043351
423512
40367706
174683762
2780001913
45971065
2780395129
35026560
751236
27850374
25032326
115537543
2781050511
2987718291
117896860
147977885
63207073
2779674283
86275758
2776987312
2779018934
2780657338
57177791
2779674309
158955206
2780427980
2775938767
29456083
2776659669
2993714901
2225880
2993026780
2993911517
2778920669
2781083359
2781345505
22607594
2781181686
2988504831
57374464
173242113
3017406211
2983655198
2780657452
3018553135
197424946
153646914
88962883
160331591
2776987467
121272143
158725981
128644962
189560676
2986112872
150140777
2777020284
2779412353
2777020290
123467649
68122502
109574028
61437842
2779477915
3018913694
80344994
2776364969
143095724
6387636
117110713
2781345722
2780428219
115537861
98105287
146733006
2983622608
2778560467
67139541
20871130
22738907
162723807
21034978
40105971
166819830
19527686
118552586
2778626061
2779510800
2780559388
2987325470
2778527774
15792166
2778658864
202176563
2994108469
18446390
2780952636
134215751
18020424
2779150434
133462117
3020028006
178550888
2778691696
2779019381
76118137
3017898109
36829320
120617098
77854861
57473165
520681616
505870484
117110933
95713431
152303783
146897074
107706546
169081014
102168758
2778134712
199391416
153385146
2777381055
66746571
162199757
39549134
19527891
161741011
165083353
191920346
175700187
2778495208
2776299755
504723692
146667757
2776135927
2777413886
2983819522
536738050
51575053
2778364177
191068436
203094294
31258907
83163435
73431340
2778757428
2780821815
67172668
62126406
57375061
2778069335
2993453402
139819358
164624739
141261163
2994141551
89094514
2776398200
2780035454
71924100
191953296
119404949
77265313
186644900
159480233
169900460
153876917
2779478453
58489278
3018062273
99613125
184842701
178059732
84769239
44628447
129792486
2775906791
107477482
120912362
2781313515
2780297707
530479602
204241405
185498113
75069973
30472729
2988046880
2776889888
120060458
25197100
2989521464
59046462
38369872
2781215313
2780101202
37616216
2780527195
201980515
2983098980
82279013
3018095205
6683253
2781313665
123370116
105446022
2780560020
2780625559
2776529561
62913178
2983492250
74939039
2777512617
43645609
2776890026
25688753
5339829
42629822
189430467
2992831183
516717267
148863701
3018193623
86637286
189922023
2775874295
110492413
23952128
155908867
44464901
2775939850
128383755
125041420
2778037017
168065819
2780822299
2780265253
2780724011
2777381677
167017271
30112582
77495112
2781018962
3019144022
162462552
2984901469
3017997152
2991848288
2778102629
171146098
190839683
94600068
141589383
2980749
68189081
520944541
65567647
196803488
2779151265
2984377249
80444323
12516257
183696295
138673069
2779511736
2777840570
503872463
2984737752
2778692574
180747234
60718061
2779544567
2776431611
548895740
2778692605
104954878
2992995325
93518851
48561166
1276947
3406870
2779151384
84999194
3019308078
143916079
24345647
49937458
2777611316
2779053110
2776792119
2777414711
2993617979
9272383
2985000018
2775841894
2776562800
37977207
49020025
106527866
2779446402
192314503
3019635848
2986081426
2776104089
2992209059
2776857766
123403432
83426474
168197293
176225458
57769158
44465351
74579156
2777644245
12713177
2780658912
2780626145
2775973094
148176105
2776693998
533363959
101317890
161611012
122846477
2780364048
95124753
2780298517
203062551
74448152
2775842073
44104985
171769113
2777939226
21593369
2777611551
3019111730
2988145974
21822782
2780069185
2994011458
129727815
207453521
84114770
170130773
131562839
2777382242
93453677
2781085045
124255616
158104961
161840515
88309123
206175624
153517457
2778430866
64060820
20151700
2776759703
188087704
122944926
2780757406
3020586399
2778037673
2777120189
2983132609
21364161
77331912
2778136018
2778987988
126057942
161218011
2909076957
2983001568
2780102126
556039675
69369342
2776890885
38731271
5570062
103742991
151420433
3018587665
2777021972
28704281
2777316895
2778431023
142278197
2781249084
49774154
2988867146
203718221
2780986958
2779119184
85687889
111640148
27295321
1670747
3018587741
194739806
149782125
168820333
13565553
2991980166
2778562196
2993716885
26148502
172195485
2992701085
2991980193
2129575
43089589
2778496695
2777808570
2776727234
540442320
2781118164
2777087702
26771161
519536355
2784996
2778627824
173145845
198082294
2780167933
164953862
2780233487
64093975
104267543
48856860
2780725026
2776760102
2778365744
143392562
45874996
544833334
70352696
2778300220
194969405
21036866
149946192
551386961
2985066332
20348765
125599584
2780495726
35651441
2994372470
2988277623
125468537
2982805371
2777350023
2778759051
194051981
2988343187
2778857364
189693848
3018915737
2777776026
2777710495
89227174
111771559
6881194
65469
36503486
99221444
16678853
3604424
180879305
112951243
119701452
2779185108
555745239
158007255
2780233690
2777481183
64487391
4554734
55508974
2992701429
154238967
67829756
